
The matrix A

     0.84     0.394     0.783     0.798     0.912     0.198 
    0.335     0.768     0.278     0.554     0.477     0.629 
    0.365     0.513     0.952     0.916     0.636     0.717 
    0.142     0.607    0.0163     0.243     0.137     0.804 
    0.157     0.401      0.13     0.109     0.999     0.218 
    0.513     0.839     0.613     0.296     0.638     0.524 
    0.494     0.973     0.293     0.771     0.527      0.77 
      0.4     0.892     0.283     0.352     0.808     0.919 


The matrix Q

    0.652    -0.682     -0.22    0.0694    0.0688     0.173 
     0.26     0.312   -0.0483     0.245   -0.0243    -0.303 
    0.283    0.0311       0.9     0.286     0.058     0.125 
     0.11     0.402    -0.133     0.108    -0.182     0.574 
    0.122     0.186   -0.0163    -0.188     0.884    -0.187 
    0.398     0.156     0.164    -0.728    -0.366    -0.309 
    0.383     0.308    -0.275     0.474    -0.124    -0.379 
     0.31     0.348    -0.136    -0.228     0.163     0.509 


As we can see R is upper triangular

     1.29       1.7      1.31      1.49      1.74       1.4 
        0      1.05    -0.103     0.181      0.33      1.09 
        0         0     0.649     0.377     0.164     0.211 
        0         0         0     0.529    -0.209     0.193 
        0         0         0         0      0.78    -0.051 
        0         0         0         0         0     0.369 




-------QR=A--------

     0.84     0.394     0.783     0.798     0.912     0.198 
    0.335     0.768     0.278     0.554     0.477     0.629 
    0.365     0.513     0.952     0.916     0.636     0.717 
    0.142     0.607    0.0163     0.243     0.137     0.804 
    0.157     0.401      0.13     0.109     0.999     0.218 
    0.513     0.839     0.613     0.296     0.638     0.524 
    0.494     0.973     0.293     0.771     0.527      0.77 
      0.4     0.892     0.283     0.352     0.808     0.919 


----QTQ----

        1  2.91e-16  2.08e-17  2.64e-16  2.64e-16 -6.38e-16 
 2.91e-16         1 -2.78e-17         0  4.86e-17  2.78e-17 
 2.08e-17 -2.78e-17         1  -1.8e-16 -7.63e-17         0 
 2.64e-16         0  -1.8e-16         1  1.39e-17 -1.67e-16 
 2.64e-16  4.86e-17 -7.63e-17  1.39e-17         1 -4.16e-17 
-6.38e-16  2.78e-17         0 -1.67e-16 -4.16e-17         1 




 Now for GS_solve, we generate a vector b
 and a new square matrix A

THe genereate A-matrix

   0.0698     0.949     0.526    0.0861 
    0.663      0.89     0.349    0.0642 
    0.458    0.0631     0.238     0.971 
    0.851     0.267      0.54     0.375 


vector b is 

0.192214
0.020023
0.902208
0.760249


The Q-matrix

   0.0594     0.837     0.536     0.092 
    0.565     0.418    -0.711   -0.0213 
     0.39    -0.222     0.153     0.881 
    0.725    -0.275     0.428    -0.465 


The R-matrix

     1.17     0.777     0.712     0.692 
        0      1.08     0.385     -0.22 
        0         0     0.302     0.309 
        0         0         0     0.687 


And now We solve it

0.0272194
-0.495113
1.14621
0.667472

checking Ax=b

 Ax is

0.192214
0.020023
0.902208
0.760249


 the vector b is 

0.192214
0.020023
0.902208
0.760249


As we can see, they fit fairly well 
