Part A of this exercise, involves creating a 
jacobian diagonalization opeartor and checking that VTV = 1,
VTAV=D and VDVT =A
All of which is shown below
before jacobi, A is

     0.84     0.198     0.477     0.916    0.0163 
    0.198     0.335     0.629     0.636     0.243 
    0.477     0.629     0.365     0.717     0.137 
    0.916     0.636     0.717     0.142     0.804 
   0.0163     0.243     0.137     0.804     0.157 


After jacobi D is

    -1.01  1.03e-11  9.35e-15  8.93e-19         0 
 1.03e-11    -0.325  1.18e-15         0  5.98e-10 
 9.43e-15  1.23e-15     0.225         0 -6.69e-14 
-1.68e-16 -1.57e-16 -1.45e-16     0.543 -1.22e-13 
-9.54e-18  5.98e-10 -6.69e-14 -1.22e-13      2.41 


And V is

     0.32     0.192    -0.103     0.766     0.513 
    0.152     0.674     0.428    -0.435     0.388 
    0.179    -0.704       0.5    -0.134     0.452 
   -0.782   -0.0205    -0.271   -0.0765     0.555 
     0.48    -0.112    -0.695    -0.448     0.271 

VTV is

        1  4.16e-17 -5.55e-17  1.39e-16  2.78e-17 
 4.16e-17         1  8.33e-17 -5.55e-17   5.9e-17 
-5.55e-17  8.33e-17         1 -5.55e-17  1.94e-16 
 1.39e-16 -5.55e-17 -5.55e-17         1 -2.08e-16 
 2.78e-17   5.9e-17  1.94e-16 -2.08e-16         1 


VTAV is

    -1.01  1.03e-11  9.23e-15 -6.94e-17 -1.11e-16 
 1.03e-11    -0.325  1.14e-15 -2.05e-16  5.98e-10 
 9.21e-15  1.17e-15     0.225 -5.55e-17 -6.64e-14 
-8.33e-17 -2.05e-16         0     0.543 -1.23e-13 
-1.11e-16  5.98e-10 -6.65e-14 -1.23e-13      2.41 

which is equal to D

    -1.01  1.03e-11  9.35e-15  8.93e-19         0 
 1.03e-11    -0.325  1.18e-15         0  5.98e-10 
 9.43e-15  1.23e-15     0.225         0 -6.69e-14 
-1.68e-16 -1.57e-16 -1.45e-16     0.543 -1.22e-13 
-9.54e-18  5.98e-10 -6.69e-14 -1.22e-13      2.41 


VTDV is

     0.84     0.198     0.477     0.916    0.0163 
    0.198     0.335     0.629     0.636     0.243 
    0.477     0.629     0.365     0.717     0.137 
    0.916     0.636     0.717     0.142     0.804 
   0.0163     0.243     0.137     0.804     0.157 

Compared with A, which is 

     0.84     0.198     0.477     0.916    0.0163 
    0.198     0.335     0.629     0.636     0.243 
    0.477     0.629     0.365     0.717     0.137 
    0.916     0.636     0.717     0.142     0.804 
   0.0163     0.243     0.137     0.804     0.157 

