The vector looks like
0.79844
0.76823
0.628871

The matrix A
The matrix looks like this
0.840188 0.394383 0.783099 
0.911647 0.197551 0.335223 
0.277775 0.55397 0.477397 

The matrix Q
The matrix looks like this
0.661304 0.100854 0.0960292 
0.717549 -0.373872 0.208084 
0.218634 0.921981 -0.973386 

As we can see R is upper triangular
The matrix looks like this
1.2705 0.523676 0.86278 
0 0.476666 1.25658 
0 0 0.89356 

QR=A
The matrix looks like this
0.840188 0.394383 0.783099 
0.911647 0.197551 0.335223 
0.277775 0.55397 0.477397 

----QTQ----
The matrix looks like this
1 4.996e-16 -2.22045e-16 
4.996e-16 1 -0.965554 
-2.22045e-16 -0.965554 1 

