
The matrix A

     0.84     0.394     0.783     0.798 
    0.912     0.198     0.335     0.768 
    0.278     0.554     0.477     0.629 
    0.365     0.513     0.952     0.916 
    0.636     0.717     0.142     0.607 
   0.0163     0.243     0.137     0.804 


The matrix Q

    0.573    -0.161     0.328    -0.167 
    0.622    -0.489    -0.126     0.322 
    0.189     0.524    0.0588    -0.103 
    0.249     0.397     0.663   -0.0241 
    0.433     0.449    -0.659    -0.206 
   0.0111     0.318   -0.0203     0.903 


As we can see R is upper triangular

     1.47     0.895      1.05      1.55 
        0     0.733     0.445     0.717 
        0         0     0.778     0.393 
        0         0         0     0.628 




-------QR=A--------

     0.84     0.394     0.783     0.798 
    0.912     0.198     0.335     0.768 
    0.278     0.554     0.477     0.629 
    0.365     0.513     0.952     0.916 
    0.636     0.717     0.142     0.607 
   0.0163     0.243     0.137     0.804 


----QTQ----

        1  2.64e-16  1.53e-16  2.74e-16 
 2.64e-16         1  -1.7e-16 -1.11e-16 
 1.53e-16  -1.7e-16         1 -1.98e-16 
 2.74e-16 -1.11e-16 -1.98e-16         1 




 Now for GS_solve, we generate a vector b
 and a new square matrix A

THe genereate A-matrix

    0.157     0.401 
    0.109     0.999 


vector b is 

0.12979
0.218257


The Q-matrix

    0.821     -0.57 
     0.57     0.821 


The R-matrix

    0.191     0.899 
        0     0.592 


And now We solve it

0.231101
0.177828

checking Ax=b

 Ax is

0.107508
0.202782


 the vector b is 

0.12979
0.218257


As we can see, they fit fairly well 
