
The matrix A

     0.84     0.394     0.783     0.798     0.912     0.198     0.335 
    0.768     0.278     0.554     0.477     0.629     0.365     0.513 
    0.952     0.916     0.636     0.717     0.142     0.607    0.0163 
    0.243     0.137     0.804     0.157     0.401      0.13     0.109 
    0.999     0.218     0.513     0.839     0.613     0.296     0.638 
    0.524     0.494     0.973     0.293     0.771     0.527      0.77 
      0.4     0.892     0.283     0.352     0.808     0.919    0.0698 
    0.949     0.526    0.0861     0.192     0.663      0.89     0.349 
   0.0642      0.02     0.458    0.0631     0.238     0.971     0.902 
    0.851     0.267      0.54     0.375      0.76     0.513     0.668 


The matrix Q

    0.364   -0.0892     0.203     0.421     0.315    -0.194    -0.237 
    0.333    -0.173    0.0592    -0.029    0.0476   -0.0358    0.0564 
    0.413     0.417   -0.0728      0.19    -0.765    0.0304   -0.0237 
    0.105 -0.000177     0.559    -0.209   -0.0998    -0.207    -0.659 
    0.433    -0.383   -0.0785     0.444    0.0319     0.172     0.155 
    0.227     0.217     0.505    -0.292    0.0506     -0.21     0.646 
    0.173     0.734    -0.107     0.148     0.527     0.115   -0.0849 
    0.411   -0.0121    -0.482    -0.586    0.0789    0.0809    -0.214 
   0.0278    -0.018     0.365   -0.0954   0.00922     0.907   -0.0438 
    0.369    -0.237    0.0085    -0.292     0.125   -0.0364     0.101 


As we can see R is upper triangular

     2.31      1.31      1.56      1.47      1.78      1.45      1.19 
        0     0.906     0.185    0.0538     0.202     0.698    -0.316 
        0         0      1.15     0.204     0.466     0.164     0.656 
        0         0         0     0.537    -0.159     -0.49    -0.311 
        0         0         0         0     0.803     0.266     0.322 
        0         0         0         0         0     0.919     0.673 
        0         0         0         0         0         0      0.42 




-------QR=A--------

     0.84     0.394     0.783     0.798     0.912     0.198     0.335 
    0.768     0.278     0.554     0.477     0.629     0.365     0.513 
    0.952     0.916     0.636     0.717     0.142     0.607    0.0163 
    0.243     0.137     0.804     0.157     0.401      0.13     0.109 
    0.999     0.218     0.513     0.839     0.613     0.296     0.638 
    0.524     0.494     0.973     0.293     0.771     0.527      0.77 
      0.4     0.892     0.283     0.352     0.808     0.919    0.0698 
    0.949     0.526    0.0861     0.192     0.663      0.89     0.349 
   0.0642      0.02     0.458    0.0631     0.238     0.971     0.902 
    0.851     0.267      0.54     0.375      0.76     0.513     0.668 


----QTQ----

        1 -2.78e-17  7.24e-17  4.02e-16  4.86e-16  1.42e-16 -6.11e-16 
-2.78e-17         1   3.9e-17  2.78e-17 -3.82e-17  1.63e-16 -6.07e-16 
 7.24e-17   3.9e-17         1  1.42e-16  1.12e-16   2.6e-16  1.87e-16 
 4.02e-16  2.78e-17  1.42e-16         1 -1.39e-17  1.11e-16 -1.18e-16 
 4.86e-16 -3.82e-17  1.12e-16 -1.39e-17         1  6.25e-17 -8.67e-18 
 1.42e-16  1.63e-16   2.6e-16  1.11e-16  6.25e-17         1  3.16e-16 
-6.11e-16 -6.07e-16  1.87e-16 -1.18e-16 -8.67e-18  3.16e-16         1 




 Now for GS_solve, we generate a vector b
 and a new square matrix A

THe genereate A-matrix

    0.532    0.0393     0.438     0.932     0.931 
    0.284     0.739      0.64     0.354     0.688 
     0.44      0.88     0.829      0.33     0.229 
     0.35     0.687     0.956     0.589     0.657 
     0.44     0.924     0.398     0.815     0.684 


vector b is 

0.720952
0.165974
0.893372
0.858676
0.910972


The Q-matrix

    0.569     -0.81   -0.0192   0.00987     0.141 
    0.304     0.362      0.13   0.00997     0.871 
    0.471     0.269     0.126     -0.78    -0.286 
    0.375     0.198     0.669      0.52    -0.319 
     0.47     0.318     -0.72     0.348    -0.193 


The R-matrix

    0.934      1.35      1.38       1.4      1.42 
        0     0.902     0.417    -0.162   -0.0952 
        0         0     0.532    -0.123    0.0473 
        0         0         0     0.345     0.417 
        0         0         0         0     0.323 


And now We solve it

-0.0967958
0.093938
0.64857
1.94063
-1.42185

checking Ax=b

 Ax is

0.720952
0.165974
0.893372
0.858676
0.910972


 the vector b is 

0.720952
0.165974
0.893372
0.858676
0.910972


As we can see, they fit
